 baseline_total baseline_best total the_best top_95 top_90 top_80
1 0.49976477 0.00098 0.75081713 0.00733 0.1961 0.12975 0.18963
2 0.5019706 0.00097 0.83402265 0.01327 0.29322 0.1678 0.21083
3 0.500337 0.00104 0.87486673 0.01832 0.36773 0.18639 0.20997
4 0.50144888 0.00099 0.89946166 0.02305 0.42798 0.19664 0.19726
5 0.50056014 0.00111 0.91530852 0.02711 0.47882 0.19939 0.18044
6 0.50056575 0.00096 0.92684125 0.03149 0.5212 0.19876 0.16427
7 0.50077341 0.00107 0.9351714 0.03557 0.55756 0.19576 0.14663
8 0.50069586 0.00099 0.94164454 0.03934 0.58929 0.19155 0.1294
9 0.50177472 0.00094 0.94670131 0.04371 0.61632 0.18527 0.1141
10 0.50075669 0.00106 0.95069098 0.04697 0.6417 0.1769 0.10038
11 0.49965601 0.00108 0.9538223 0.05027 0.66244 0.169 0.08921
12 0.50045656 0.00091 0.95647942 0.05371 0.68085 0.16167 0.07795
13 0.50202395 0.0011 0.95867756 0.0573 0.69677 0.15369 0.06846
14 0.50058337 0.00091 0.96058485 0.06102 0.71094 0.14584 0.06011
15 0.50000753 0.00085 0.96224362 0.06443 0.72381 0.13774 0.05296
16 0.50147674 0.00102 0.96355665 0.06745 0.73529 0.13021 0.04635
17 0.49890877 0.00117 0.96464874 0.0705 0.74487 0.12327 0.04076
18 0.50089203 0.0009 0.96569959 0.07349 0.75389 0.11602 0.03588
19 0.50246086 0.00114 0.96641634 0.07611 0.7619 0.10903 0.03166
20 0.50068861 0.00105 0.9671951 0.07914 0.76837 0.10277 0.02791
21 0.50155928 0.00087 0.96782811 0.08202 0.77446 0.09665 0.02464
22 0.4984355 0.00086 0.96836317 0.08482 0.77935 0.09159 0.02145
23 0.50050807 0.00101 0.96879508 0.08797 0.78351 0.08612 0.01886
24 0.49963696 0.00114 0.96904851 0.09072 0.78789 0.08014 0.01674
25 0.50103097 0.00096 0.96935655 0.09352 0.79107 0.07525 0.01479
26 0.50127431 0.00124 0.96947644 0.0962 0.79435 0.07021 0.01271
27 0.50040304 0.00081 0.96976159 0.09903 0.79699 0.06579 0.01088
28 0.49992423 0.00106 0.96987143 0.10138 0.79932 0.06138 0.00957
29 0.50094776 0.00121 0.96981313 0.10395 0.80052 0.05775 0.00827
30 0.50139195 0.00103 0.96984328 0.10668 0.80152 0.05382 0.00745
31 0.50188442 0.00096 0.96987993 0.10944 0.80187 0.05076 0.00646
32 0.50194202 0.00092 0.96985464 0.11195 0.80267 0.04747 0.00556
33 0.50085926 0.00101 0.96977987 0.11443 0.80271 0.04462 0.0049
34 0.49847215 0.001 0.96968388 0.11695 0.80268 0.04187 0.00416
35 0.49953422 0.00113 0.9695109 0.11918 0.80235 0.03927 0.00373
36 0.50062903 0.00093 0.96941292 0.12154 0.80188 0.03691 0.00328
37 0.4999482 0.00105 0.96924786 0.12379 0.80149 0.03435 0.00293
38 0.50016571 0.00111 0.96904268 0.1259 0.80081 0.03217 0.00257
39 0.50153289 0.00119 0.96879921 0.12816 0.7999 0.02991 0.00229
40 0.50139586 0.00087 0.96867557 0.1308 0.79844 0.02811 0.00204
41 0.50127135 0.00093 0.96846793 0.13277 0.79762 0.02629 0.00179
42 0.50102471 0.00111 0.9682147 0.13444 0.79651 0.02488 0.00153
43 0.49919754 0.00094 0.96795913 0.13665 0.79536 0.02316 0.00125
44 0.50047913 0.00104 0.96773643 0.13884 0.79358 0.02185 0.00111
45 0.50055212 0.001 0.96747016 0.14103 0.79194 0.02038 0.00103
46 0.49943093 0.00101 0.96721086 0.1428 0.7908 0.01883 0.00094
47 0.50115481 0.00093 0.9668929 0.14503 0.78907 0.0175 0.00084
48 0.50124671 0.00097 0.96659605 0.14702 0.78737 0.01635 0.00073
49 0.49906755 0.00086 0.96639434 0.14913 0.7855 0.01536 0.00062
50 0.50110709 0.00093 0.96611371 0.1513 0.78338 0.01444 0.00056
51 0.4992398 0.00102 0.96579039 0.15332 0.78121 0.01365 0.00048
52 0.50045458 0.00097 0.96549994 0.15529 0.77925 0.01275 0.0004
53 0.50068034 0.00103 0.96518405 0.15742 0.7769 0.01197 0.00037
54 0.5015941 0.00097 0.96491628 0.15927 0.77497 0.01111 0.00034
55 0.50138815 0.0009 0.96459746 0.16156 0.77239 0.01055 0.00029
56 0.4983665 0.00084 0.96431055 0.16375 0.77012 0.00981 0.00027
57 0.50175614 0.00093 0.96402358 0.16542 0.76832 0.00905 0.00023
58 0.50142192 0.00099 0.96367687 0.16723 0.76599 0.00861 0.0002
59 0.49922567 0.00089 0.96332868 0.16914 0.76363 0.00818 0.00019
60 0.50208987 0.001 0.96295678 0.1708 0.76142 0.00776 0.00016
61 0.50062839 0.00106 0.96257692 0.17254 0.75917 0.00722 0.00015
62 0.50200795 0.00115 0.96212991 0.17402 0.75705 0.00673 0.00013
63 0.50243049 0.00106 0.96172868 0.17593 0.75456 0.00626 0.00012
64 0.50032515 0.00083 0.96139605 0.17766 0.75239 0.00588 0.00011
65 0.499765 0.00091 0.96102559 0.17941 0.75016 0.00549 7e-05
66 0.5006941 0.00103 0.96065944 0.18135 0.74752 0.00516 7e-05
67 0.50045584 0.00097 0.96027463 0.18332 0.74497 0.00477 7e-05
68 0.50029341 0.00115 0.95982088 0.18471 0.74273 0.00447 7e-05
69 0.49964602 0.00088 0.95952065 0.18645 0.74041 0.00417 7e-05
70 0.50033769 0.00098 0.95911184 0.18816 0.73801 0.00389 6e-05
71 0.50158544 0.00091 0.95879064 0.19013 0.73537 0.00366 5e-05
72 0.50040291 0.00103 0.95840496 0.19196 0.73277 0.0034 5e-05
73 0.49939579 0.001 0.95803062 0.19337 0.73056 0.0032 5e-05
74 0.50060769 0.00091 0.9577058 0.19493 0.72833 0.00296 5e-05
75 0.50022582 0.00101 0.95731364 0.1967 0.72575 0.00277 4e-05
76 0.49942166 0.00102 0.95693311 0.19823 0.72337 0.00262 2e-05
77 0.50079433 0.00118 0.95635694 0.19962 0.72095 0.00247 2e-05
78 0.50119534 0.00103 0.95592615 0.2007 0.71894 0.00238 1e-05
79 0.50028189 0.001 0.9555081 0.2023 0.71644 0.00228 1e-05
80 0.50207208 0.00104 0.95504882 0.20362 0.71423 0.00213 1e-05
81 0.50141546 0.00099 0.95462354 0.20522 0.71177 0.002 1e-05
82 0.49957759 0.00104 0.95417906 0.20644 0.70975 0.00176 1e-05
83 0.50208696 0.00113 0.95368514 0.20745 0.70777 0.00161 0.0
84 0.49934429 0.00099 0.95320267 0.20882 0.70549 0.00153 0.0
85 0.50055456 0.00106 0.95272353 0.21018 0.70319 0.00141 0.0
86 0.5009081 0.00098 0.95230604 0.2116 0.70086 0.00134 0.0
87 0.5003483 0.00086 0.9519212 0.21299 0.69865 0.0013 0.0
88 0.50087491 0.00104 0.95147479 0.2145 0.69625 0.00115 0.0
89 0.50141788 0.00104 0.95103781 0.21588 0.69389 0.00109 0.0
90 0.50087634 0.00109 0.95051951 0.2172 0.6916 0.00097 0.0
91 0.50008325 0.00085 0.95015953 0.2187 0.68931 0.00091 0.0
92 0.49968968 0.0011 0.94966149 0.22 0.68695 0.00087 0.0
93 0.50037853 0.0011 0.94910381 0.22128 0.6846 0.00084 0.0
94 0.49889103 0.00102 0.94862777 0.22279 0.68209 0.00082 0.0
95 0.50089214 0.00085 0.9482218 0.22407 0.68002 0.00076 0.0
96 0.50061516 0.00122 0.94761288 0.22498 0.67795 0.0007 0.0
97 0.50202966 0.00094 0.94716176 0.22617 0.6759 0.00062 0.0
98 0.50052218 0.00101 0.94669023 0.22771 0.67338 0.00059 0.0
99 0.49949623 0.00099 0.94624688 0.22909 0.67107 0.00053 0.0
100 0.50135775 0.00099 0.94583569 0.23024 0.66899 0.00047 0.0
101 0.49893614 0.00099 0.94536354 0.23144 0.66684 0.00043 0.0
102 0.49986892 0.00099 0.94494082 0.23264 0.66468 0.0004 0.0
103 0.50078095 0.00104 0.94447002 0.23394 0.66236 0.00038 0.0
104 0.50143512 0.00105 0.94402449 0.23529 0.65999 0.00035 0.0
105 0.50075616 0.00105 0.94353252 0.23652 0.65772 0.00034 0.0
106 0.50068888 0.00092 0.94307213 0.23793 0.65541 0.00032 0.0
107 0.50139864 0.00093 0.9426705 0.23946 0.65297 0.0003 0.0
108 0.5002806 0.00095 0.94223448 0.24062 0.6509 0.00026 0.0
109 0.49954821 0.00101 0.9417535 0.24162 0.64894 0.00021 0.0
110 0.50021074 0.00099 0.94136347 0.2428 0.64679 0.00019 0.0
111 0.50101429 0.00095 0.94092131 0.24398 0.64466 0.00019 0.0
112 0.50065633 0.00108 0.94041906 0.245 0.64256 0.00019 0.0
113 0.49890879 0.00092 0.94003282 0.24596 0.64069 0.00018 0.0
114 0.50101136 0.00071 0.93972624 0.24737 0.63857 0.00018 0.0
115 0.50141599 0.00111 0.9392247 0.24841 0.63644 0.00016 0.0
116 0.50075241 0.0012 0.93867774 0.24937 0.63429 0.00015 0.0
117 0.5004605 0.00101 0.93823488 0.25052 0.63213 0.00015 0.0
118 0.50062146 0.00086 0.93782309 0.2519 0.6299 0.00014 0.0
119 0.50124166 0.001 0.93732834 0.25268 0.62813 0.00013 0.0
120 0.49967627 0.00101 0.9368596 0.2539 0.6259 0.00013 0.0
121 0.50021102 0.00086 0.93649069 0.25523 0.62372 0.00012 0.0
122 0.50187815 0.00093 0.93603757 0.2566 0.62142 0.00012 0.0
123 0.50070327 0.00105 0.93552288 0.25752 0.61945 0.00012 0.0
124 0.50248087 0.00095 0.93507758 0.25895 0.61708 0.00011 0.0
125 0.49874338 0.00113 0.93452345 0.25995 0.61495 0.00011 0.0
126 0.49967273 0.00095 0.93409353 0.26135 0.61261 0.0001 0.0
127 0.50052188 0.00104 0.93360422 0.26269 0.61024 9e-05 0.0
128 0.50117455 0.00106 0.93306701 0.26355 0.60833 8e-05 0.0
129 0.50205943 0.00108 0.93255111 0.26456 0.60624 8e-05 0.0
130 0.50116906 0.00101 0.9320389 0.26566 0.60413 8e-05 0.0
131 0.49968809 0.00099 0.93159206 0.2668 0.602 8e-05 0.0
132 0.50154143 0.00091 0.93117806 0.26774 0.60015 8e-05 0.0
133 0.50200677 0.0009 0.93072094 0.26878 0.59821 8e-05 0.0
134 0.50175351 0.00096 0.93023636 0.26971 0.59632 8e-05 0.0
135 0.50062346 0.00094 0.92979916 0.27058 0.59451 8e-05 0.0
136 0.50156025 0.00103 0.92930464 0.27153 0.59253 8e-05 0.0
137 0.50088486 0.00081 0.92897155 0.27309 0.59016 8e-05 0.0
138 0.50019364 0.00106 0.92846709 0.274 0.58819 8e-05 0.0
139 0.49957362 0.00091 0.9280587 0.27507 0.58621 8e-05 0.0
140 0.50082551 0.00115 0.92752277 0.27611 0.58402 8e-05 0.0
141 0.50012362 0.00095 0.92702284 0.27705 0.58215 6e-05 0.0
142 0.50029968 0.00088 0.92659346 0.27812 0.58021 5e-05 0.0
143 0.4997183 0.00082 0.92615538 0.27913 0.57838 5e-05 0.0
144 0.50090996 0.00118 0.92556871 0.27974 0.57659 5e-05 0.0
145 0.5001052 0.0011 0.9250936 0.28068 0.57455 5e-05 0.0
146 0.50062815 0.00103 0.92461801 0.28165 0.57256 4e-05 0.0
147 0.50014902 0.00096 0.92419894 0.28273 0.57052 4e-05 0.0
148 0.5020554 0.00101 0.92371183 0.28357 0.56867 4e-05 0.0
149 0.5017984 0.00099 0.92324993 0.28444 0.56681 4e-05 0.0
150 0.50000455 0.00098 0.92272256 0.28531 0.56496 4e-05 0.0
151 0.50044036 0.00099 0.92231919 0.28648 0.5628 4e-05 0.0
152 0.50117922 0.00107 0.92183122 0.28715 0.56106 4e-05 0.0
153 0.50244916 0.0011 0.92131191 0.28808 0.55903 4e-05 0.0
154 0.50138538 0.00113 0.9207795 0.28844 0.55754 4e-05 0.0
155 0.50028703 0.00098 0.92031174 0.28921 0.5558 3e-05 0.0
156 0.50008224 0.00096 0.91986652 0.29017 0.55388 3e-05 0.0
157 0.50119559 0.0011 0.91934744 0.29099 0.55196 3e-05 0.0
158 0.50080257 0.00091 0.91892589 0.29173 0.55031 3e-05 0.0
159 0.5006838 0.00097 0.91845965 0.29248 0.54859 3e-05 0.0
160 0.500355 0.00107 0.91797939 0.29343 0.54658 2e-05 0.0
161 0.50090975 0.0011 0.91745369 0.29395 0.54496 2e-05 0.0
162 0.50026784 0.00099 0.91696287 0.2947 0.54322 2e-05 0.0
163 0.5001305 0.00107 0.91642814 0.2954 0.54145 2e-05 0.0
164 0.49960388 0.00103 0.91597365 0.29619 0.53963 2e-05 0.0
165 0.50089253 0.00105 0.91543079 0.29684 0.53793 2e-05 0.0
166 0.50016298 0.00124 0.9148353 0.29729 0.53624 2e-05 0.0
167 0.49994498 0.00104 0.91432721 0.29793 0.53456 2e-05 0.0
168 0.50065217 0.00103 0.91382358 0.29867 0.53279 2e-05 0.0
169 0.50012699 0.00108 0.91327529 0.29925 0.53113 2e-05 0.0
170 0.50185092 0.001 0.912811 0.29981 0.52958 1e-05 0.0
171 0.49851014 0.00105 0.91231417 0.30059 0.52775 1e-05 0.0
172 0.50125161 0.00112 0.91175713 0.30113 0.52609 1e-05 0.0
173 0.50032387 0.00094 0.91129148 0.30194 0.52434 1e-05 0.0
174 0.4997357 0.00104 0.91075387 0.30248 0.52276 1e-05 0.0
175 0.50165786 0.00094 0.91029879 0.30325 0.52105 1e-05 0.0
176 0.50273471 0.00094 0.90986821 0.30399 0.51937 1e-05 0.0
177 0.50022518 0.00084 0.90949741 0.3051 0.51742 1e-05 0.0
178 0.50028629 0.00097 0.90905271 0.30562 0.51593 1e-05 0.0
179 0.50140684 0.00097 0.90856401 0.30615 0.51443 1e-05 0.0
180 0.50104019 0.00095 0.90810873 0.30664 0.51299 1e-05 0.0
181 0.49947127 0.00109 0.90757824 0.30707 0.51147 1e-05 0.0
182 0.50033979 0.00105 0.90707086 0.30754 0.50995 1e-05 0.0
183 0.5002981 0.00093 0.9065701 0.30816 0.50841 0.0 0.0
184 0.50123617 0.0009 0.90613249 0.3089 0.50677 0.0 0.0
185 0.49934199 0.00101 0.90567057 0.30963 0.50503 0.0 0.0
186 0.50141644 0.00091 0.90517448 0.31037 0.50338 0.0 0.0
187 0.49909687 0.00085 0.90475443 0.31117 0.50173 0.0 0.0
188 0.49983667 0.00096 0.90429922 0.31188 0.50006 0.0 0.0
189 0.50132324 0.001 0.90383002 0.31258 0.49836 0.0 0.0
190 0.50104062 0.00108 0.90335516 0.31332 0.49654 0.0 0.0
191 0.49851558 0.00095 0.90288837 0.31379 0.49512 0.0 0.0
192 0.50109604 0.00095 0.90241916 0.31466 0.4933 0.0 0.0
193 0.49845251 0.00112 0.90187305 0.31502 0.49182 0.0 0.0
194 0.50007954 0.00103 0.90144449 0.31576 0.49005 0.0 0.0
195 0.50098495 0.00091 0.90097337 0.31645 0.48845 0.0 0.0
196 0.50063153 0.00087 0.90055974 0.31754 0.48649 0.0 0.0
197 0.49967954 0.00106 0.89994777 0.31776 0.48521 0.0 0.0
198 0.49972839 0.00107 0.89945011 0.31831 0.48359 0.0 0.0
199 0.50104981 0.00106 0.89895084 0.31885 0.48199 0.0 0.0
200 0.50119832 0.00102 0.89849831 0.31954 0.48028 0.0 0.0
201 0.50076625 0.00108 0.8979555 0.32014 0.4786 0.0 0.0
202 0.50028338 0.00103 0.89745313 0.32041 0.4773 0.0 0.0
203 0.49978212 0.001 0.89697086 0.32104 0.47567 0.0 0.0
204 0.50125081 0.00102 0.89646264 0.32149 0.4742 0.0 0.0
205 0.5019092 0.00083 0.89608351 0.32244 0.47242 0.0 0.0
206 0.50078972 0.00091 0.89563584 0.32304 0.47091 0.0 0.0
207 0.5014545 0.00083 0.89522019 0.32402 0.4691 0.0 0.0
208 0.50086623 0.001 0.89469471 0.32491 0.46721 0.0 0.0
209 0.49966616 0.00106 0.89421536 0.32545 0.46561 0.0 0.0
210 0.50024959 0.001 0.89371208 0.32598 0.46408 0.0 0.0
211 0.50024455 0.00096 0.89319489 0.32679 0.46231 0.0 0.0
212 0.50186675 0.00104 0.89264123 0.32712 0.46094 0.0 0.0
213 0.50071524 0.00101 0.892168 0.32764 0.45941 0.0 0.0
214 0.50025325 0.00094 0.89169703 0.32824 0.45787 0.0 0.0
215 0.50062781 0.00093 0.89117157 0.32876 0.45642 0.0 0.0
216 0.50030762 0.00112 0.89056642 0.32917 0.45489 0.0 0.0
217 0.50171078 0.00099 0.89010348 0.32973 0.45334 0.0 0.0
218 0.50160781 0.00111 0.88957825 0.33005 0.45191 0.0 0.0
219 0.50104948 0.00104 0.8890501 0.33062 0.4503 0.0 0.0
220 0.49925659 0.00102 0.88857347 0.33095 0.44895 0.0 0.0
221 0.50087124 0.00112 0.888051 0.33122 0.44756 0.0 0.0
222 0.50041624 0.00103 0.88761826 0.33178 0.44597 0.0 0.0
223 0.50118336 0.00115 0.8871098 0.33207 0.44453 0.0 0.0
224 0.50115315 0.00098 0.88668902 0.33284 0.44278 0.0 0.0
225 0.50011977 0.00107 0.88620044 0.33319 0.44136 0.0 0.0
226 0.500579 0.00095 0.88569793 0.33379 0.43981 0.0 0.0
227 0.50110376 0.00101 0.88518186 0.33448 0.43811 0.0 0.0
228 0.49963639 0.00096 0.88475555 0.33506 0.43657 0.0 0.0
229 0.4996688 0.00109 0.88426571 0.33543 0.43511 0.0 0.0
230 0.49974283 0.00095 0.88379467 0.3359 0.43369 0.0 0.0
231 0.50164963 0.00119 0.8832589 0.33618 0.43222 0.0 0.0
232 0.49999829 0.00103 0.88273626 0.3368 0.43057 0.0 0.0
233 0.49961439 0.00101 0.88225662 0.33708 0.42928 0.0 0.0
234 0.5001333 0.00106 0.88178584 0.33743 0.42787 0.0 0.0
235 0.50006848 0.00107 0.88120224 0.33773 0.4265 0.0 0.0
236 0.49935729 0.00101 0.88076417 0.33797 0.42525 0.0 0.0
237 0.49891882 0.00086 0.88033534 0.33902 0.42334 0.0 0.0
238 0.49983629 0.0011 0.87974886 0.33934 0.42192 0.0 0.0
239 0.50135321 0.00116 0.87919891 0.3396 0.4205 0.0 0.0
240 0.50150431 0.00086 0.87875935 0.34027 0.41897 0.0 0.0
241 0.49948039 0.00085 0.87833817 0.34102 0.41737 0.0 0.0
242 0.50060705 0.00107 0.87780416 0.34136 0.41596 0.0 0.0
243 0.50100156 0.001 0.87728449 0.34181 0.41451 0.0 0.0
244 0.50012494 0.00125 0.87659897 0.34184 0.41323 0.0 0.0
245 0.50111857 0.00102 0.87609661 0.34224 0.41181 0.0 0.0
246 0.49915213 0.00113 0.87555409 0.34248 0.41044 0.0 0.0
247 0.50139504 0.00095 0.87511662 0.3429 0.40907 0.0 0.0
248 0.49884188 0.00098 0.87463401 0.34314 0.40785 0.0 0.0
249 0.49989531 0.00111 0.87411567 0.34328 0.4066 0.0 0.0
250 0.50058007 0.0012 0.87354768 0.34353 0.40515 0.0 0.0
251 0.49988478 0.00103 0.87300695 0.34393 0.40372 0.0 0.0
252 0.50000799 0.0008 0.87259767 0.3445 0.40235 0.0 0.0
253 0.5008791 0.00106 0.87207974 0.34509 0.4007 0.0 0.0
254 0.50127712 0.00105 0.87161385 0.34551 0.39923 0.0 0.0
255 0.50234914 0.00102 0.87112683 0.34584 0.39788 0.0 0.0
256 0.50074549 0.00081 0.87074025 0.34634 0.39657 0.0 0.0
257 0.50146409 0.00091 0.87032832 0.34699 0.39501 0.0 0.0
258 0.49998464 0.00103 0.86979299 0.34736 0.39361 0.0 0.0
259 0.50178348 0.00097 0.86930662 0.34788 0.39212 0.0 0.0
260 0.50011269 0.00088 0.86888091 0.34829 0.39083 0.0 0.0
261 0.50151774 0.00087 0.86843461 0.3488 0.38945 0.0 0.0
262 0.49988876 0.001 0.86793463 0.34908 0.38817 0.0 0.0
263 0.50114656 0.00108 0.86738184 0.34935 0.38682 0.0 0.0
264 0.50051135 0.00088 0.86698497 0.3498 0.38549 0.0 0.0
265 0.50078044 0.00103 0.86646749 0.35019 0.38407 0.0 0.0
266 0.50033026 0.00096 0.86601029 0.35064 0.38266 0.0 0.0
267 0.4988976 0.00115 0.86545047 0.35092 0.38123 0.0 0.0
268 0.49973548 0.00091 0.86499594 0.35114 0.3801 0.0 0.0
269 0.50083699 0.00101 0.86449496 0.35141 0.37882 0.0 0.0
270 0.49966975 0.00104 0.86394968 0.35137 0.37782 0.0 0.0
271 0.49844392 0.00092 0.86351766 0.35175 0.37652 0.0 0.0
272 0.50079355 0.00098 0.86304388 0.35203 0.37526 0.0 0.0
273 0.50001675 0.00096 0.86251998 0.35236 0.37397 0.0 0.0
274 0.50095861 0.00087 0.86209911 0.35262 0.37284 0.0 0.0
275 0.49961686 0.00106 0.86158267 0.35279 0.37161 0.0 0.0
276 0.50009867 0.0011 0.86105086 0.353 0.3703 0.0 0.0
277 0.50057772 0.00093 0.86062299 0.35326 0.36911 0.0 0.0
278 0.50066516 0.00107 0.86014341 0.35354 0.36776 0.0 0.0
279 0.50048889 0.00092 0.85973171 0.35404 0.36634 0.0 0.0
280 0.49870476 0.00095 0.85927327 0.35435 0.36508 0.0 0.0
281 0.50052263 0.001 0.85878962 0.35459 0.36384 0.0 0.0
282 0.50101063 0.00076 0.85843228 0.35522 0.36245 0.0 0.0
283 0.50107161 0.00101 0.85792297 0.35568 0.36098 0.0 0.0
284 0.49988711 0.00096 0.85743362 0.35599 0.35971 0.0 0.0
285 0.50097483 0.00107 0.85690116 0.35607 0.35856 0.0 0.0
286 0.49980935 0.00119 0.85629665 0.35617 0.35727 0.0 0.0
287 0.50014389 0.00097 0.85584116 0.35656 0.35591 0.0 0.0
288 0.50002203 0.00098 0.85535423 0.3568 0.35469 0.0 0.0
289 0.50076154 0.00084 0.85494029 0.35725 0.3534 0.0 0.0
290 0.5013057 0.00106 0.85441457 0.35731 0.35228 0.0 0.0
291 0.50013237 0.00108 0.8538356 0.35726 0.35125 0.0 0.0
292 0.5021751 0.00098 0.8533985 0.3575 0.35003 0.0 0.0
293 0.49912646 0.0009 0.85293618 0.35786 0.34877 0.0 0.0
294 0.5018401 0.00088 0.85246609 0.35826 0.34749 0.0 0.0
295 0.50169214 0.00108 0.85189469 0.35841 0.34626 0.0 0.0
296 0.50028186 0.00132 0.8512448 0.35816 0.34519 0.0 0.0
297 0.49879218 0.00111 0.85074538 0.35833 0.34391 0.0 0.0
298 0.5009813 0.00112 0.85022009 0.35846 0.34266 0.0 0.0
299 0.49957518 0.00092 0.84974759 0.35883 0.34137 0.0 0.0
300 0.50040932 0.00123 0.8491021 0.35901 0.33996 0.0 0.0
301 0.49937195 0.00122 0.84848364 0.35893 0.33882 0.0 0.0
302 0.50022411 0.00109 0.84794065 0.35916 0.3375 0.0 0.0
303 0.5002978 0.00101 0.84742986 0.35939 0.33626 0.0 0.0
304 0.50033744 0.00122 0.8468595 0.35956 0.33487 0.0 0.0
305 0.50017239 0.00111 0.84632755 0.35965 0.33367 0.0 0.0
306 0.49931282 0.00114 0.8458135 0.35984 0.33234 0.0 0.0
307 0.50034044 0.00085 0.84539633 0.36027 0.33106 0.0 0.0
308 0.50039638 0.00093 0.84496622 0.36058 0.32982 0.0 0.0
309 0.5000382 0.00089 0.84456571 0.36104 0.32847 0.0 0.0
310 0.50082521 0.00114 0.84401927 0.36111 0.32726 0.0 0.0
311 0.50008991 0.00101 0.84349999 0.36119 0.32617 0.0 0.0
312 0.50114927 0.00103 0.84297447 0.36126 0.32507 0.0 0.0
313 0.50084644 0.00119 0.84232562 0.36126 0.32388 0.0 0.0
314 0.49982279 0.00089 0.84191027 0.36154 0.32271 0.0 0.0
315 0.49852665 0.00092 0.84143654 0.36173 0.3216 0.0 0.0
316 0.50057358 0.00087 0.84103501 0.36186 0.3206 0.0 0.0
317 0.49874758 0.001 0.84056498 0.362 0.31946 0.0 0.0
318 0.49976574 0.00095 0.84012023 0.36198 0.31853 0.0 0.0
319 0.50062303 0.00086 0.83968024 0.3623 0.31735 0.0 0.0
320 0.50072873 0.001 0.83924951 0.36246 0.31619 0.0 0.0
321 0.49972724 0.00118 0.83861866 0.36225 0.31522 0.0 0.0
322 0.50016055 0.00093 0.83817451 0.36246 0.31408 0.0 0.0
323 0.50008501 0.00099 0.83769187 0.36268 0.31287 0.0 0.0
324 0.50116146 0.00102 0.83718329 0.36291 0.31162 0.0 0.0
325 0.49881006 0.001 0.83674694 0.36315 0.31038 0.0 0.0
326 0.50155357 0.00106 0.83623128 0.36331 0.30916 0.0 0.0
327 0.50049623 0.00098 0.83571581 0.36328 0.30821 0.0 0.0
328 0.4997904 0.00109 0.83510835 0.36316 0.30724 0.0 0.0
329 0.5011522 0.00094 0.83461585 0.36333 0.30613 0.0 0.0
330 0.50041457 0.00103 0.83407481 0.36354 0.30489 0.0 0.0
331 0.50081275 0.0012 0.83346632 0.36351 0.30372 0.0 0.0
332 0.500133 0.00092 0.83300641 0.36364 0.30267 0.0 0.0
333 0.50074005 0.00086 0.83256904 0.36395 0.3015 0.0 0.0
334 0.50058956 0.00096 0.83208591 0.36407 0.30042 0.0 0.0
335 0.50023029 0.00091 0.83165102 0.36425 0.29933 0.0 0.0
336 0.50189104 0.00096 0.83117683 0.36436 0.29826 0.0 0.0
337 0.50093846 0.0011 0.83063346 0.36421 0.29731 0.0 0.0
338 0.50113741 0.00104 0.83015906 0.36423 0.29625 0.0 0.0
339 0.49888254 0.00095 0.8296987 0.36442 0.29511 0.0 0.0
340 0.50137461 0.00081 0.82935191 0.36457 0.29415 0.0 0.0
341 0.49985908 0.00092 0.82887408 0.36476 0.29304 0.0 0.0
342 0.50006236 0.00095 0.82837938 0.3649 0.29195 0.0 0.0
343 0.50031861 0.00106 0.82787127 0.36498 0.29081 0.0 0.0
344 0.50034883 0.00086 0.82744288 0.36526 0.28967 0.0 0.0
345 0.49973298 0.00101 0.8269539 0.36534 0.28858 0.0 0.0
346 0.49892459 0.00111 0.8263993 0.36528 0.28753 0.0 0.0
347 0.50010367 0.00106 0.82590228 0.36521 0.28654 0.0 0.0
348 0.50049097 0.00113 0.8253514 0.36521 0.28541 0.0 0.0
349 0.50128676 0.00097 0.82487863 0.36531 0.28434 0.0 0.0
350 0.50011264 0.00091 0.82445387 0.36563 0.28311 0.0 0.0
351 0.50091494 0.00118 0.82389493 0.36546 0.2821 0.0 0.0
352 0.50034891 0.00103 0.82335728 0.36567 0.28086 0.0 0.0
353 0.5002211 0.00089 0.82287631 0.36567 0.27997 0.0 0.0
354 0.49917997 0.00094 0.82238623 0.3659 0.2788 0.0 0.0
355 0.49965383 0.00108 0.82188875 0.36587 0.27775 0.0 0.0
356 0.50118293 0.00109 0.82129524 0.36598 0.27655 0.0 0.0
357 0.50011205 0.00082 0.82085239 0.36607 0.27564 0.0 0.0
358 0.50046464 0.00098 0.82034367 0.36607 0.27466 0.0 0.0
359 0.50034375 0.00107 0.8198202 0.36591 0.27375 0.0 0.0
360 0.50012559 0.00106 0.81932579 0.36592 0.27268 0.0 0.0
361 0.50064288 0.00113 0.81876685 0.36575 0.27172 0.0 0.0
362 0.50232976 0.00098 0.81826711 0.36558 0.27091 0.0 0.0
363 0.50226348 0.00115 0.81769942 0.36556 0.26978 0.0 0.0
364 0.49992824 0.00092 0.81722832 0.36556 0.26886 0.0 0.0
365 0.50279637 0.00098 0.81675937 0.36538 0.26806 0.0 0.0
366 0.50055448 0.00089 0.81631292 0.36547 0.26708 0.0 0.0
367 0.50065742 0.00094 0.81579549 0.36552 0.26609 0.0 0.0
368 0.50199158 0.00091 0.81532686 0.36548 0.26522 0.0 0.0
369 0.50076829 0.00093 0.81490436 0.3656 0.26417 0.0 0.0
370 0.50121305 0.00102 0.81441639 0.3659 0.26285 0.0 0.0
371 0.5005272 0.00093 0.81393635 0.36589 0.26193 0.0 0.0
372 0.50008202 0.001 0.8134237 0.36592 0.2609 0.0 0.0
373 0.49999172 0.00098 0.81293218 0.36607 0.25977 0.0 0.0
374 0.49804581 0.00096 0.81245039 0.36599 0.25889 0.0 0.0
375 0.50080807 0.0009 0.81196029 0.36612 0.25786 0.0 0.0
376 0.49943066 0.00114 0.81139721 0.36607 0.25677 0.0 0.0
377 0.50035472 0.00091 0.81097103 0.36619 0.25574 0.0 0.0
378 0.50176038 0.00085 0.81053364 0.36611 0.25497 0.0 0.0
379 0.50032548 0.00101 0.8100361 0.36604 0.25403 0.0 0.0
380 0.5000205 0.00088 0.80965045 0.36627 0.25292 0.0 0.0
381 0.49841394 0.00082 0.80921695 0.3663 0.25207 0.0 0.0
382 0.5007849 0.0008 0.80883223 0.36646 0.25111 0.0 0.0
383 0.50075742 0.00077 0.80846038 0.3666 0.2502 0.0 0.0
384 0.50023411 0.00093 0.80800244 0.36663 0.24924 0.0 0.0
385 0.50060974 0.00097 0.80749657 0.36661 0.24829 0.0 0.0
386 0.49904415 0.00101 0.80692515 0.36644 0.24745 0.0 0.0
387 0.50021691 0.00083 0.80650543 0.36661 0.24645 0.0 0.0
388 0.49937189 0.00105 0.80599926 0.36645 0.24556 0.0 0.0
389 0.5000038 0.00103 0.80544075 0.36636 0.24462 0.0 0.0
390 0.50013764 0.00096 0.80498218 0.36642 0.2436 0.0 0.0
391 0.50110624 0.00073 0.80465886 0.36675 0.24254 0.0 0.0
392 0.50016307 0.00095 0.80424508 0.3667 0.24164 0.0 0.0
393 0.49978767 0.00093 0.80382828 0.36685 0.24056 0.0 0.0
394 0.49908344 0.00082 0.80341772 0.36712 0.23947 0.0 0.0
395 0.50075822 0.00089 0.80295188 0.36716 0.23854 0.0 0.0
396 0.49925707 0.00106 0.80247173 0.36686 0.23778 0.0 0.0
397 0.50011746 0.00101 0.80192204 0.36693 0.2367 0.0 0.0
398 0.50034555 0.00109 0.80141291 0.36679 0.23575 0.0 0.0
399 0.50128003 0.00111 0.80086867 0.36675 0.23468 0.0 0.0
400 0.4994975 0.00102 0.80039173 0.36661 0.2338 0.0 0.0
401 0.49942206 0.00092 0.79992446 0.36668 0.23281 0.0 0.0
402 0.50262059 0.00099 0.79946006 0.36669 0.23181 0.0 0.0
403 0.49863936 0.00099 0.79898696 0.36657 0.23094 0.0 0.0
404 0.49975923 0.00085 0.79856258 0.36666 0.23 0.0 0.0
405 0.50009143 0.001 0.7980595 0.36645 0.22921 0.0 0.0
406 0.5006481 0.00102 0.79755114 0.36623 0.22841 0.0 0.0
407 0.50152034 0.00104 0.79700159 0.36607 0.22753 0.0 0.0
408 0.50122078 0.00108 0.79645899 0.36593 0.22659 0.0 0.0
409 0.49999798 0.00099 0.79593324 0.3659 0.22563 0.0 0.0
410 0.50174077 0.00098 0.79547656 0.36587 0.22468 0.0 0.0
411 0.49974774 0.00112 0.79488567 0.3656 0.22383 0.0 0.0
412 0.49919997 0.00091 0.79442971 0.36549 0.22303 0.0 0.0
413 0.50101056 0.00105 0.79392635 0.36541 0.22206 0.0 0.0
414 0.50077533 0.00093 0.79348772 0.36544 0.2211 0.0 0.0
415 0.49899003 0.00105 0.79295183 0.36534 0.22015 0.0 0.0
416 0.49831631 0.00099 0.79241145 0.36514 0.21936 0.0 0.0
417 0.50133082 0.00113 0.79187912 0.36491 0.21846 0.0 0.0
418 0.50037903 0.00102 0.7913737 0.36469 0.21766 0.0 0.0
419 0.50002069 0.00096 0.79086399 0.36455 0.21684 0.0 0.0
420 0.50260315 0.00095 0.79044156 0.36439 0.21605 0.0 0.0
421 0.50038704 0.00107 0.7899325 0.36412 0.21525 0.0 0.0
422 0.50041609 0.00094 0.7894744 0.36406 0.21437 0.0 0.0
423 0.50293613 0.00118 0.7888671 0.3637 0.21355 0.0 0.0
424 0.50067236 0.00095 0.78840124 0.36367 0.21263 0.0 0.0
425 0.50078386 0.00094 0.78790434 0.36348 0.21188 0.0 0.0
426 0.49950634 0.00082 0.78748114 0.36353 0.21101 0.0 0.0
427 0.50035185 0.00112 0.78691695 0.36327 0.21015 0.0 0.0
428 0.50105126 0.00103 0.78645209 0.36311 0.20928 0.0 0.0
429 0.50048862 0.00107 0.7858947 0.36277 0.20855 0.0 0.0
430 0.49958899 0.00108 0.78542167 0.36251 0.20773 0.0 0.0
431 0.50158189 0.00082 0.78499386 0.36258 0.20684 0.0 0.0
432 0.50001737 0.00079 0.78459992 0.36262 0.20601 0.0 0.0
433 0.50023417 0.00109 0.78412695 0.36243 0.20511 0.0 0.0
434 0.50188916 0.001 0.78359255 0.36214 0.2044 0.0 0.0
435 0.50120692 0.00093 0.78312826 0.36202 0.20359 0.0 0.0
436 0.4999581 0.00089 0.78261282 0.36174 0.20298 0.0 0.0
437 0.50093566 0.00103 0.78211816 0.36161 0.20208 0.0 0.0
438 0.4996962 0.0009 0.78167911 0.36149 0.2013 0.0 0.0
439 0.50055249 0.00126 0.7810772 0.36101 0.20052 0.0 0.0
440 0.50011202 0.00098 0.78061215 0.36086 0.19969 0.0 0.0
441 0.49992204 0.00117 0.7800572 0.36043 0.19895 0.0 0.0
442 0.50065396 0.00092 0.77960131 0.36035 0.19811 0.0 0.0
443 0.50029717 0.00112 0.77901727 0.36011 0.19723 0.0 0.0
444 0.50098271 0.00098 0.7785264 0.35983 0.19653 0.0 0.0
445 0.50081327 0.00109 0.77795911 0.35966 0.19561 0.0 0.0
446 0.50068824 0.00103 0.77744863 0.35947 0.19477 0.0 0.0
447 0.49941256 0.00084 0.77697287 0.3595 0.1939 0.0 0.0
448 0.49979613 0.00109 0.77641619 0.35927 0.19304 0.0 0.0
449 0.4999552 0.00102 0.7759416 0.35898 0.19231 0.0 0.0
450 0.50071768 0.00125 0.77534572 0.35849 0.19155 0.0 0.0
451 0.50078945 0.00096 0.77485823 0.35826 0.19082 0.0 0.0
452 0.50067598 0.00115 0.77430971 0.35801 0.18992 0.0 0.0
453 0.49981894 0.00093 0.7738731 0.35794 0.18906 0.0 0.0
454 0.50020053 0.00109 0.77338682 0.35767 0.18824 0.0 0.0
455 0.50060056 0.00101 0.77290594 0.35761 0.18729 0.0 0.0
456 0.50007533 0.00089 0.77241981 0.35743 0.18658 0.0 0.0
457 0.4998959 0.00114 0.77187011 0.35704 0.18583 0.0 0.0
458 0.50041157 0.00103 0.77135535 0.35687 0.18497 0.0 0.0
459 0.50092666 0.00092 0.77085363 0.35672 0.1842 0.0 0.0
460 0.49977531 0.0011 0.77032054 0.35631 0.18351 0.0 0.0
461 0.50173917 0.00113 0.76969547 0.35604 0.18265 0.0 0.0
462 0.50189666 0.00112 0.76920998 0.35551 0.18206 0.0 0.0
463 0.49999218 0.00101 0.76873785 0.35543 0.18113 0.0 0.0
464 0.50152066 0.00102 0.768248 0.35512 0.18042 0.0 0.0
465 0.50027138 0.00109 0.76767967 0.35486 0.17959 0.0 0.0
466 0.50049351 0.00102 0.76719266 0.35456 0.17887 0.0 0.0
467 0.5004776 0.00109 0.76670867 0.35413 0.17821 0.0 0.0
468 0.50040504 0.00108 0.76617492 0.35383 0.17743 0.0 0.0
469 0.49982277 0.00109 0.76567848 0.35349 0.17668 0.0 0.0
470 0.50002319 0.00088 0.76520034 0.35344 0.17585 0.0 0.0
471 0.49954562 0.00102 0.76467198 0.35318 0.17509 0.0 0.0
472 0.49997243 0.00103 0.76417217 0.35276 0.17448 0.0 0.0
473 0.50160481 0.00093 0.76373182 0.35259 0.17372 0.0 0.0
474 0.50023389 0.00119 0.76317884 0.35216 0.17296 0.0 0.0
475 0.50149296 0.00108 0.76265 0.3519 0.17214 0.0 0.0
476 0.5011883 0.00129 0.76201926 0.35134 0.17141 0.0 0.0
477 0.50199124 0.00101 0.76158561 0.35094 0.1708 0.0 0.0
478 0.49967693 0.00097 0.76108823 0.35052 0.17025 0.0 0.0
479 0.50041831 0.00096 0.76060139 0.35063 0.16918 0.0 0.0
480 0.49894788 0.00106 0.76006212 0.35048 0.16827 0.0 0.0
481 0.50192109 0.00095 0.75957493 0.35024 0.16756 0.0 0.0
482 0.50007796 0.00108 0.75906622 0.3499 0.16682 0.0 0.0
483 0.49907656 0.00085 0.75859944 0.34991 0.16596 0.0 0.0
484 0.49991984 0.00111 0.75805852 0.3495 0.16526 0.0 0.0
485 0.4996664 0.00109 0.75750658 0.34893 0.16474 0.0 0.0
486 0.499217 0.00106 0.75694216 0.3486 0.16401 0.0 0.0
487 0.4982001 0.00092 0.75651483 0.34837 0.16332 0.0 0.0
488 0.50000009 0.00092 0.75608362 0.34819 0.16258 0.0 0.0
489 0.49800279 0.00096 0.75560311 0.34795 0.16186 0.0 0.0
490 0.5014453 0.00121 0.75503487 0.34763 0.16097 0.0 0.0
491 0.50058114 0.00104 0.75456514 0.34729 0.16027 0.0 0.0
492 0.50077136 0.00114 0.75396141 0.34692 0.1595 0.0 0.0
493 0.50048405 0.00096 0.75343814 0.34669 0.15877 0.0 0.0
494 0.50161268 0.0011 0.75287988 0.3463 0.15806 0.0 0.0
495 0.50117626 0.00096 0.75243679 0.34604 0.15736 0.0 0.0
496 0.50180651 0.00099 0.75198516 0.34571 0.1567 0.0 0.0
497 0.50041517 0.00098 0.75145145 0.34554 0.15589 0.0 0.0
498 0.49962739 0.00096 0.75095815 0.34521 0.15526 0.0 0.0
499 0.50062688 0.00114 0.75040665 0.3448 0.15453 0.0 0.0
500 0.49939591 0.00095 0.74991851 0.34451 0.15387 0.0 0.0
501 0.49894812 0.00107 0.74936907 0.34408 0.15323 0.0 0.0
502 0.5011745 0.00098 0.74889826 0.34384 0.15249 0.0 0.0
503 0.49982687 0.00084 0.74847712 0.34365 0.15184 0.0 0.0
504 0.50184005 0.00101 0.74794717 0.34315 0.15133 0.0 0.0
505 0.50159831 0.00106 0.74738786 0.34276 0.15066 0.0 0.0
506 0.49945499 0.00097 0.74687543 0.34257 0.14988 0.0 0.0
507 0.50062445 0.00089 0.74643078 0.34235 0.14921 0.0 0.0
508 0.50096532 0.00108 0.7459254 0.34196 0.14852 0.0 0.0
509 0.49868023 0.00101 0.74542351 0.34181 0.14766 0.0 0.0
510 0.50069975 0.00101 0.74498876 0.34144 0.14702 0.0 0.0
511 0.50002109 0.00097 0.74454386 0.34113 0.14636 0.0 0.0
512 0.4999004 0.00084 0.74413474 0.34093 0.14572 0.0 0.0
513 0.50054013 0.00095 0.74370669 0.34078 0.14492 0.0 0.0
514 0.49948357 0.00108 0.74313633 0.3403 0.14432 0.0 0.0
515 0.50142661 0.00102 0.7426105 0.33978 0.14382 0.0 0.0
516 0.50152392 0.00084 0.74219872 0.33969 0.14307 0.0 0.0
517 0.5029405 0.00102 0.74169022 0.33935 0.14239 0.0 0.0
518 0.50066284 0.0008 0.74128369 0.33924 0.1417 0.0 0.0
519 0.50020455 0.00096 0.7407263 0.33899 0.14099 0.0 0.0
520 0.50053252 0.00121 0.74013778 0.3383 0.14047 0.0 0.0
521 0.50073516 0.00098 0.73967817 0.33806 0.13973 0.0 0.0
522 0.5016317 0.00089 0.7392499 0.33784 0.13906 0.0 0.0
523 0.50047711 0.00108 0.73871159 0.33732 0.1385 0.0 0.0
524 0.49981081 0.00106 0.73823915 0.33684 0.13792 0.0 0.0
525 0.50073389 0.00106 0.73770708 0.33652 0.13718 0.0 0.0
526 0.49985048 0.00106 0.73719036 0.33608 0.13656 0.0 0.0
527 0.49941346 0.00098 0.7366312 0.33568 0.13598 0.0 0.0
528 0.50001067 0.00101 0.73612236 0.33533 0.13532 0.0 0.0
529 0.49992914 0.00087 0.73565547 0.33496 0.13482 0.0 0.0
530 0.50135749 0.0009 0.73523509 0.33473 0.13415 0.0 0.0
531 0.5002069 0.00107 0.73471698 0.33432 0.13349 0.0 0.0
532 0.50047321 0.00084 0.73429084 0.33403 0.13294 0.0 0.0
533 0.50085141 0.00092 0.73384613 0.33381 0.13224 0.0 0.0
534 0.5001559 0.00087 0.73342575 0.33348 0.1317 0.0 0.0
535 0.50064579 0.00104 0.73288087 0.33318 0.13096 0.0 0.0
536 0.50022047 0.00104 0.73236286 0.33273 0.13037 0.0 0.0
537 0.50001244 0.00099 0.73187761 0.33239 0.12972 0.0 0.0
538 0.49998847 0.00103 0.73137725 0.33176 0.12932 0.0 0.0
539 0.50056017 0.00076 0.73103065 0.33163 0.12869 0.0 0.0
540 0.5006256 0.00082 0.73067459 0.33147 0.12803 0.0 0.0
541 0.50077929 0.00112 0.73014056 0.33102 0.12736 0.0 0.0
542 0.50008417 0.0009 0.72961147 0.33068 0.1268 0.0 0.0
543 0.49938908 0.00102 0.72908221 0.3303 0.12616 0.0 0.0
544 0.50094747 0.00077 0.72871711 0.33016 0.12553 0.0 0.0
545 0.50177089 0.00107 0.72818347 0.3296 0.12502 0.0 0.0
546 0.49914362 0.00089 0.72776269 0.32927 0.12446 0.0 0.0
547 0.50135467 0.0009 0.72728568 0.32917 0.12366 0.0 0.0
548 0.49900819 0.00094 0.72683469 0.32885 0.12304 0.0 0.0
549 0.50106502 0.0012 0.72623778 0.32845 0.12224 0.0 0.0
550 0.50062207 0.0011 0.72562728 0.32789 0.1217 0.0 0.0
551 0.50161982 0.00104 0.72507276 0.32742 0.12113 0.0 0.0
552 0.50082229 0.00085 0.7247097 0.3271 0.1206 0.0 0.0
553 0.50207912 0.00097 0.72420657 0.32666 0.12007 0.0 0.0
554 0.49973618 0.00097 0.72366474 0.32634 0.11942 0.0 0.0
555 0.49992861 0.00101 0.72314414 0.32594 0.11881 0.0 0.0
556 0.49920904 0.00097 0.72267987 0.32555 0.11823 0.0 0.0
557 0.50003572 0.0009 0.72221238 0.32524 0.11764 0.0 0.0
558 0.50103071 0.001 0.72175009 0.32485 0.11703 0.0 0.0
559 0.49995524 0.00113 0.72115119 0.32426 0.11649 0.0 0.0
560 0.50212033 0.00106 0.72063543 0.32369 0.116 0.0 0.0
561 0.50058686 0.00101 0.72014317 0.32332 0.11536 0.0 0.0
562 0.50040327 0.00098 0.71965571 0.32298 0.11472 0.0 0.0
563 0.50025919 0.00097 0.71916066 0.32248 0.11425 0.0 0.0
564 0.50047732 0.00111 0.71856886 0.32177 0.11385 0.0 0.0
565 0.50011102 0.00088 0.71812842 0.32145 0.11329 0.0 0.0
566 0.50003382 0.00116 0.71755921 0.32092 0.11266 0.0 0.0
567 0.50016705 0.00085 0.7171093 0.32063 0.1121 0.0 0.0
568 0.50022893 0.00097 0.716612 0.32018 0.11158 0.0 0.0
569 0.50090828 0.00097 0.71612089 0.31986 0.11093 0.0 0.0
570 0.49974845 0.00128 0.71550854 0.31907 0.11044 0.0 0.0
571 0.50058917 0.00109 0.71497303 0.31852 0.1099 0.0 0.0
572 0.50107379 0.00107 0.71442289 0.31789 0.10946 0.0 0.0
573 0.50173972 0.001 0.71388787 0.31741 0.10894 0.0 0.0
574 0.50160675 0.0008 0.71346377 0.31712 0.10843 0.0 0.0
575 0.50106768 0.00101 0.7129455 0.31676 0.10778 0.0 0.0
576 0.49877426 0.00098 0.71246576 0.31635 0.10721 0.0 0.0
577 0.50022791 0.00099 0.71194708 0.31599 0.10658 0.0 0.0
578 0.50034959 0.00112 0.71142857 0.31536 0.10609 0.0 0.0
579 0.50048397 0.00102 0.71092207 0.315 0.10543 0.0 0.0
580 0.50156549 0.00107 0.71036971 0.31456 0.1048 0.0 0.0
581 0.50077198 0.00105 0.70985931 0.31394 0.10437 0.0 0.0
582 0.50028994 0.00103 0.70935927 0.31349 0.10379 0.0 0.0
583 0.50240104 0.00096 0.70888878 0.31312 0.1032 0.0 0.0
584 0.49923191 0.00114 0.70827263 0.3125 0.10268 0.0 0.0
585 0.49877383 0.00108 0.70771875 0.31196 0.10214 0.0 0.0
586 0.50252069 0.00109 0.70721052 0.31148 0.10153 0.0 0.0
587 0.50034595 0.0009 0.70674726 0.31097 0.10114 0.0 0.0
588 0.49977272 0.00112 0.70617541 0.31044 0.10055 0.0 0.0
589 0.49882716 0.00083 0.70580195 0.31022 0.09994 0.0 0.0
590 0.50212562 0.00084 0.70543032 0.30988 0.09944 0.0 0.0
591 0.50029926 0.00101 0.70490346 0.30936 0.09895 0.0 0.0
592 0.50056131 0.00114 0.70431836 0.30888 0.09829 0.0 0.0
593 0.50231535 0.00098 0.70382771 0.30835 0.09784 0.0 0.0
594 0.49996192 0.00117 0.70320586 0.30779 0.09723 0.0 0.0
595 0.50132218 0.00095 0.70271527 0.30744 0.09663 0.0 0.0
596 0.50114342 0.0009 0.70227872 0.30699 0.09618 0.0 0.0
597 0.50172436 0.00133 0.70167114 0.30617 0.09567 0.0 0.0
598 0.499509 0.00091 0.70118374 0.3057 0.09523 0.0 0.0
599 0.50113705 0.00099 0.7006884 0.3052 0.09474 0.0 0.0
600 0.50005726 0.00106 0.70018486 0.30455 0.09433 0.0 0.0
601 0.49997182 0.00078 0.69977255 0.30426 0.09384 0.0 0.0
602 0.50057682 0.00094 0.69930138 0.30397 0.09319 0.0 0.0
603 0.50139673 0.00108 0.69874024 0.30337 0.09271 0.0 0.0
604 0.50137874 0.00112 0.69820157 0.3027 0.09226 0.0 0.0
605 0.5011971 0.0011 0.69768212 0.30208 0.09178 0.0 0.0
606 0.50135853 0.0009 0.69723728 0.30167 0.09129 0.0 0.0
607 0.49980678 0.00092 0.69679294 0.3013 0.09074 0.0 0.0
608 0.50039879 0.00119 0.69621866 0.30063 0.09022 0.0 0.0
609 0.50146833 0.00103 0.69572661 0.3001 0.08972 0.0 0.0
610 0.50061335 0.00107 0.69520507 0.29946 0.08929 0.0 0.0
611 0.50099899 0.001 0.69465272 0.29882 0.08893 0.0 0.0
612 0.49924638 0.00097 0.6942068 0.29834 0.08844 0.0 0.0
613 0.50031264 0.00097 0.69370132 0.2979 0.08791 0.0 0.0
614 0.50011699 0.00102 0.69317999 0.2973 0.08749 0.0 0.0
615 0.49938121 0.00104 0.69265285 0.29675 0.087 0.0 0.0
616 0.50034401 0.00089 0.69218913 0.29634 0.08652 0.0 0.0
617 0.50083138 0.00109 0.69162519 0.2958 0.08597 0.0 0.0
618 0.50052661 0.00105 0.69110062 0.29525 0.08547 0.0 0.0
619 0.50080185 0.00093 0.69064888 0.29482 0.08497 0.0 0.0
620 0.50063643 0.00106 0.69013666 0.29429 0.08444 0.0 0.0
621 0.50058158 0.00099 0.68965399 0.29373 0.08401 0.0 0.0
622 0.50116862 0.00077 0.68926964 0.29337 0.0836 0.0 0.0
623 0.50198179 0.00082 0.68882788 0.29317 0.08298 0.0 0.0
624 0.50157199 0.00089 0.68840417 0.29286 0.0824 0.0 0.0
625 0.5013064 0.00111 0.68789042 0.29226 0.08189 0.0 0.0
626 0.50043712 0.00088 0.68740589 0.29184 0.08143 0.0 0.0
627 0.50087082 0.00096 0.68697286 0.29136 0.08095 0.0 0.0
628 0.50031127 0.00114 0.68641129 0.29064 0.08053 0.0 0.0
629 0.50095181 0.00097 0.68592744 0.29028 0.07992 0.0 0.0
630 0.50028792 0.00095 0.68547145 0.28974 0.07951 0.0 0.0
631 0.49910927 0.00084 0.68503239 0.28945 0.07896 0.0 0.0
632 0.49953737 0.00094 0.68457858 0.2889 0.07857 0.0 0.0
633 0.50049969 0.00076 0.68419171 0.28863 0.07808 0.0 0.0
634 0.50014444 0.00105 0.68368612 0.28795 0.07771 0.0 0.0
635 0.50141364 0.0009 0.68321254 0.28739 0.07737 0.0 0.0
636 0.50062894 0.00112 0.68257493 0.28672 0.07692 0.0 0.0
637 0.50034305 0.00093 0.68211189 0.28626 0.07645 0.0 0.0
638 0.49995627 0.00074 0.68172013 0.28607 0.0759 0.0 0.0
639 0.49979669 0.00103 0.68117787 0.28557 0.07537 0.0 0.0
640 0.50028603 0.00105 0.68061691 0.28502 0.07487 0.0 0.0
641 0.5009809 0.00099 0.68012743 0.28452 0.07438 0.0 0.0
642 0.50077922 0.00088 0.67966964 0.28413 0.07389 0.0 0.0
643 0.50023309 0.001 0.67921924 0.28353 0.07349 0.0 0.0
644 0.49894385 0.00102 0.67869105 0.28287 0.07313 0.0 0.0
645 0.50193047 0.00108 0.67817536 0.28215 0.07277 0.0 0.0
646 0.50123007 0.00103 0.67765531 0.28159 0.0723 0.0 0.0
647 0.49964236 0.00105 0.67711813 0.28112 0.07172 0.0 0.0
648 0.50097962 0.00096 0.67664992 0.2806 0.07128 0.0 0.0
649 0.50126354 0.001 0.67617663 0.28009 0.07079 0.0 0.0
650 0.49995635 0.00107 0.67564619 0.27958 0.07023 0.0 0.0
651 0.50227842 0.00108 0.67508053 0.27878 0.06995 0.0 0.0
652 0.50009345 0.00107 0.6745266 0.27809 0.06957 0.0 0.0
653 0.50134609 0.00101 0.67400593 0.27737 0.06928 0.0 0.0
654 0.50102774 0.00088 0.6735662 0.2769 0.06887 0.0 0.0
655 0.50127741 0.00119 0.67292531 0.27615 0.06843 0.0 0.0
656 0.50027073 0.00094 0.67243877 0.27566 0.06798 0.0 0.0
657 0.50062372 0.00081 0.6720279 0.27522 0.06761 0.0 0.0
658 0.50000017 0.00105 0.67153502 0.27459 0.06719 0.0 0.0
659 0.50062146 0.00119 0.67092263 0.27372 0.06687 0.0 0.0
660 0.50100369 0.00097 0.67043867 0.27329 0.06633 0.0 0.0
661 0.50027026 0.00115 0.66987983 0.27256 0.06591 0.0 0.0
662 0.50034948 0.00097 0.66939286 0.27201 0.06549 0.0 0.0
663 0.4999951 0.00108 0.66882266 0.27146 0.06496 0.0 0.0
664 0.50166539 0.00114 0.66824832 0.27064 0.06464 0.0 0.0
665 0.4988859 0.001 0.66772292 0.27008 0.0642 0.0 0.0
666 0.50035679 0.00096 0.66722717 0.26945 0.06387 0.0 0.0
667 0.50106993 0.00094 0.66676059 0.2688 0.06358 0.0 0.0
668 0.49991718 0.001 0.66626517 0.26815 0.06323 0.0 0.0
669 0.50002628 0.00089 0.66581413 0.26764 0.06285 0.0 0.0
670 0.50063762 0.00116 0.66528657 0.26681 0.06252 0.0 0.0
671 0.49845338 0.00129 0.66461529 0.26587 0.06217 0.0 0.0
672 0.499945 0.00098 0.66409531 0.26533 0.06173 0.0 0.0
673 0.50076585 0.00102 0.66356402 0.26469 0.06135 0.0 0.0
674 0.50036466 0.00087 0.66311612 0.26421 0.06096 0.0 0.0
675 0.5004253 0.0009 0.66267896 0.26358 0.06069 0.0 0.0
676 0.50049768 0.00098 0.66222714 0.26298 0.06031 0.0 0.0
677 0.50090439 0.00104 0.66168193 0.26235 0.0599 0.0 0.0
678 0.49950819 0.00092 0.66124893 0.26178 0.05955 0.0 0.0
679 0.50152627 0.00112 0.66064634 0.26102 0.05919 0.0 0.0
680 0.49858545 0.00095 0.66020205 0.26037 0.05889 0.0 0.0
681 0.49986333 0.00119 0.6596855 0.25945 0.05862 0.0 0.0
682 0.49903394 0.00098 0.65916537 0.25875 0.05834 0.0 0.0
683 0.49949932 0.00103 0.65865554 0.25804 0.05802 0.0 0.0
684 0.50013136 0.00097 0.65822215 0.25745 0.05764 0.0 0.0
685 0.49987299 0.00113 0.65767741 0.25671 0.05725 0.0 0.0
686 0.50154653 0.00095 0.65720167 0.25614 0.05687 0.0 0.0
687 0.4995458 0.00105 0.65674456 0.25552 0.05644 0.0 0.0
688 0.49963806 0.00093 0.65627511 0.25501 0.05602 0.0 0.0
689 0.50245504 0.00106 0.65572858 0.25433 0.05564 0.0 0.0
690 0.50049213 0.00106 0.65519048 0.25364 0.05527 0.0 0.0
691 0.49841985 0.00094 0.65470891 0.25306 0.05491 0.0 0.0
692 0.50118006 0.00107 0.6541953 0.25237 0.05453 0.0 0.0
693 0.50014318 0.00097 0.65371494 0.25174 0.05419 0.0 0.0
694 0.49879282 0.00086 0.65329068 0.25125 0.05382 0.0 0.0
695 0.4992745 0.00094 0.65279991 0.25062 0.05351 0.0 0.0
696 0.50164123 0.00096 0.65235951 0.24992 0.05325 0.0 0.0
697 0.50050961 0.00086 0.65196559 0.24938 0.05293 0.0 0.0
698 0.50123436 0.00102 0.65149273 0.24882 0.05247 0.0 0.0
699 0.49961024 0.00109 0.65095914 0.24803 0.05217 0.0 0.0
700 0.50071354 0.00081 0.6505386 0.24753 0.05186 0.0 0.0
701 0.499304 0.00088 0.65010379 0.247 0.05151 0.0 0.0
702 0.50117561 0.00098 0.64956237 0.24639 0.05114 0.0 0.0
703 0.50065199 0.00109 0.64902009 0.24568 0.05076 0.0 0.0
704 0.49973517 0.00093 0.64853632 0.24523 0.05028 0.0 0.0
705 0.49897736 0.00111 0.64800111 0.24453 0.04987 0.0 0.0
706 0.50140323 0.00096 0.64752186 0.24396 0.04948 0.0 0.0
707 0.50217112 0.00084 0.64710818 0.24339 0.04921 0.0 0.0
708 0.49917606 0.00092 0.64666103 0.24286 0.04882 0.0 0.0
709 0.50053784 0.00094 0.64618391 0.24218 0.04856 0.0 0.0
710 0.50233012 0.00102 0.64571086 0.24151 0.04821 0.0 0.0
711 0.49972966 0.00108 0.64517306 0.24072 0.04792 0.0 0.0
712 0.49962842 0.00096 0.64466033 0.24018 0.0475 0.0 0.0
713 0.49944435 0.001 0.6441936 0.2395 0.04718 0.0 0.0
714 0.50126487 0.00096 0.64367818 0.23882 0.0469 0.0 0.0
715 0.50068214 0.00103 0.64308721 0.23821 0.04648 0.0 0.0
716 0.50029872 0.00072 0.64270301 0.23774 0.04623 0.0 0.0
717 0.50134794 0.00119 0.64209966 0.2368 0.04598 0.0 0.0
718 0.49966359 0.00099 0.6416182 0.23609 0.0457 0.0 0.0
719 0.50061208 0.00101 0.64112391 0.23543 0.04535 0.0 0.0
720 0.50078716 0.00103 0.64059247 0.2347 0.04505 0.0 0.0
721 0.50141384 0.00091 0.64011304 0.23405 0.04479 0.0 0.0
722 0.4999219 0.00089 0.63968058 0.23363 0.04432 0.0 0.0
723 0.4999854 0.00096 0.63914221 0.23294 0.04405 0.0 0.0
724 0.50096144 0.0012 0.63853301 0.23204 0.04375 0.0 0.0
725 0.50157702 0.00112 0.63798542 0.23127 0.0434 0.0 0.0
726 0.50063674 0.00109 0.63742589 0.23049 0.04309 0.0 0.0
727 0.50194344 0.00111 0.63688994 0.22973 0.04274 0.0 0.0
728 0.49970847 0.00102 0.63633778 0.22902 0.04243 0.0 0.0
729 0.49941847 0.00096 0.63581687 0.22835 0.04214 0.0 0.0
730 0.50061276 0.00128 0.63516394 0.22749 0.04172 0.0 0.0
731 0.5015959 0.00113 0.63455998 0.22665 0.04143 0.0 0.0
732 0.50108672 0.00106 0.63404548 0.22585 0.04117 0.0 0.0
733 0.49981753 0.00092 0.63357235 0.22533 0.04077 0.0 0.0
734 0.49985966 0.00108 0.6330789 0.22466 0.04036 0.0 0.0
735 0.50060904 0.001 0.63260093 0.22393 0.04009 0.0 0.0
736 0.50119759 0.00107 0.63209504 0.22308 0.03987 0.0 0.0
737 0.50017101 0.00117 0.63151471 0.22225 0.03953 0.0 0.0
738 0.49958113 0.00095 0.6310471 0.22163 0.0392 0.0 0.0
739 0.50001568 0.00097 0.63057904 0.22099 0.03887 0.0 0.0
740 0.50094828 0.0011 0.63006914 0.22015 0.03861 0.0 0.0
741 0.50011242 0.00092 0.62959396 0.21958 0.03826 0.0 0.0
742 0.50080239 0.00095 0.62910909 0.21891 0.03798 0.0 0.0
743 0.50075682 0.00093 0.62862894 0.21825 0.03771 0.0 0.0
744 0.50018502 0.00102 0.62807357 0.21755 0.03739 0.0 0.0
745 0.49896938 0.00104 0.62756169 0.21693 0.03697 0.0 0.0
746 0.50155291 0.0009 0.62712197 0.21629 0.03671 0.0 0.0
747 0.5007439 0.00105 0.62656947 0.21552 0.03643 0.0 0.0
748 0.50170091 0.00094 0.62610341 0.21485 0.03616 0.0 0.0
749 0.50106333 0.00096 0.62559713 0.21417 0.03588 0.0 0.0
750 0.50154227 0.00107 0.62506888 0.21338 0.0356 0.0 0.0
751 0.5000598 0.00103 0.62455207 0.21259 0.03536 0.0 0.0
752 0.50134427 0.00084 0.62412407 0.21214 0.03497 0.0 0.0
753 0.50270038 0.00092 0.62364638 0.21145 0.03474 0.0 0.0
754 0.50037277 0.00122 0.62299504 0.21057 0.0344 0.0 0.0
755 0.50224037 0.00115 0.62240351 0.20973 0.03409 0.0 0.0
756 0.50149644 0.00096 0.62194366 0.20906 0.0338 0.0 0.0
757 0.49985764 0.0011 0.621388 0.20821 0.03355 0.0 0.0
758 0.50084778 0.00098 0.62089229 0.20757 0.03321 0.0 0.0
759 0.4989037 0.00084 0.62047232 0.20704 0.0329 0.0 0.0
760 0.49947194 0.00095 0.62003978 0.20637 0.03262 0.0 0.0
761 0.50147066 0.00091 0.6196221 0.20574 0.03234 0.0 0.0
762 0.50170893 0.0011 0.6190593 0.20486 0.03212 0.0 0.0
763 0.4997364 0.00101 0.61854849 0.20409 0.03188 0.0 0.0
764 0.49995258 0.00117 0.61794939 0.20316 0.03164 0.0 0.0
765 0.50002938 0.00092 0.61752402 0.20261 0.03127 0.0 0.0
766 0.49987321 0.001 0.61707232 0.20198 0.0309 0.0 0.0
767 0.49978925 0.00106 0.61655834 0.20121 0.03061 0.0 0.0
768 0.49963476 0.00085 0.61613842 0.20064 0.03033 0.0 0.0
769 0.49987385 0.00108 0.61562079 0.1998 0.03009 0.0 0.0
770 0.500887 0.00112 0.61507567 0.19897 0.0298 0.0 0.0
771 0.50057063 0.001 0.61454707 0.19824 0.02953 0.0 0.0
772 0.50028669 0.00091 0.61411734 0.19759 0.02927 0.0 0.0
773 0.5003447 0.00081 0.61366235 0.19704 0.02901 0.0 0.0
774 0.49970587 0.00084 0.61325172 0.19641 0.0288 0.0 0.0
775 0.49948789 0.001 0.61276874 0.19562 0.02859 0.0 0.0
776 0.49955312 0.00083 0.61235171 0.19508 0.0283 0.0 0.0
777 0.50051938 0.00098 0.61184052 0.19433 0.02807 0.0 0.0
778 0.50208607 0.00074 0.61145369 0.19391 0.02775 0.0 0.0
779 0.49962079 0.00099 0.61097381 0.19319 0.02748 0.0 0.0
780 0.5023744 0.00103 0.61047096 0.19237 0.02727 0.0 0.0
781 0.50166023 0.00108 0.60996696 0.19158 0.02698 0.0 0.0
782 0.50023852 0.00091 0.60955562 0.19089 0.02676 0.0 0.0
783 0.50204854 0.00101 0.60901596 0.1901 0.02654 0.0 0.0
784 0.50110223 0.00088 0.60861506 0.18946 0.0263 0.0 0.0
785 0.50080929 0.00106 0.60805335 0.18868 0.02602 0.0 0.0
786 0.50151691 0.00088 0.60759968 0.18802 0.0258 0.0 0.0
787 0.49996979 0.00098 0.60709292 0.18738 0.02546 0.0 0.0
788 0.50064801 0.0009 0.60659354 0.18674 0.0252 0.0 0.0
789 0.50058839 0.00085 0.60617465 0.18618 0.02491 0.0 0.0
790 0.50064154 0.001 0.60567846 0.18542 0.02467 0.0 0.0
791 0.49986914 0.00096 0.60519779 0.18473 0.0244 0.0 0.0
792 0.49970759 0.00102 0.60473465 0.18389 0.02422 0.0 0.0
793 0.50108365 0.00106 0.60423781 0.18314 0.02391 0.0 0.0
794 0.50041278 0.00082 0.60382544 0.18245 0.02378 0.0 0.0
795 0.50120546 0.00109 0.60324176 0.18152 0.02362 0.0 0.0
796 0.49971399 0.00094 0.6027293 0.18078 0.02342 0.0 0.0
797 0.49990814 0.00102 0.60219119 0.18 0.02318 0.0 0.0
798 0.4999314 0.00098 0.60171756 0.17926 0.02294 0.0 0.0
799 0.50038847 0.00098 0.60123365 0.17848 0.02274 0.0 0.0
800 0.50105964 0.00092 0.60067605 0.17781 0.02249 0.0 0.0
801 0.50015372 0.0012 0.60011108 0.17684 0.02226 0.0 0.0
802 0.50123193 0.00116 0.59950667 0.17591 0.02203 0.0 0.0
803 0.49954733 0.00091 0.5990929 0.17516 0.02187 0.0 0.0
804 0.50097947 0.00105 0.59854594 0.17437 0.02161 0.0 0.0
805 0.50025586 0.00097 0.59805905 0.17364 0.02137 0.0 0.0
806 0.49959027 0.00101 0.59755304 0.17285 0.02115 0.0 0.0
807 0.50055286 0.00102 0.59701253 0.17203 0.02095 0.0 0.0
808 0.49997137 0.00106 0.5964435 0.17118 0.02074 0.0 0.0
809 0.49974268 0.00099 0.59593995 0.17045 0.02048 0.0 0.0
810 0.50126314 0.00108 0.59536668 0.16957 0.02028 0.0 0.0
811 0.49927726 0.00098 0.59487259 0.16879 0.02008 0.0 0.0
812 0.49972786 0.00085 0.59442891 0.16808 0.01994 0.0 0.0
813 0.50096382 0.00111 0.59390026 0.16716 0.01975 0.0 0.0
814 0.50162851 0.00121 0.59330999 0.16618 0.01952 0.0 0.0
815 0.50005574 0.00105 0.59275114 0.16541 0.01924 0.0 0.0
816 0.50216297 0.00112 0.59217658 0.1644 0.01913 0.0 0.0
817 0.50206198 0.00108 0.5916729 0.16355 0.0189 0.0 0.0
818 0.50091915 0.00092 0.59117856 0.16283 0.0187 0.0 0.0
819 0.50148875 0.00101 0.59069297 0.16203 0.01849 0.0 0.0
820 0.5003711 0.00081 0.59029505 0.16149 0.01822 0.0 0.0
821 0.50156592 0.0011 0.58978357 0.16058 0.01803 0.0 0.0
822 0.49994716 0.001 0.58928352 0.15981 0.0178 0.0 0.0
823 0.50111562 0.00098 0.58880012 0.15909 0.01754 0.0 0.0
824 0.50019331 0.00109 0.58825256 0.15815 0.01739 0.0 0.0
825 0.50015119 0.00134 0.58756448 0.15703 0.01717 0.0 0.0
826 0.49960525 0.00098 0.5870581 0.15635 0.01687 0.0 0.0
827 0.50125479 0.00072 0.58666184 0.1558 0.0167 0.0 0.0
828 0.50012512 0.00091 0.58619544 0.15516 0.01643 0.0 0.0
829 0.50090375 0.00105 0.58565576 0.15425 0.01629 0.0 0.0
830 0.503027 0.001 0.58515905 0.15346 0.01608 0.0 0.0
831 0.50108081 0.00099 0.58466869 0.15264 0.01591 0.0 0.0
832 0.50083176 0.00099 0.58418518 0.1519 0.01566 0.0 0.0
833 0.5007142 0.00103 0.58365953 0.15108 0.01545 0.0 0.0
834 0.49922193 0.00085 0.58323716 0.15038 0.0153 0.0 0.0
835 0.50011858 0.00097 0.58274584 0.14952 0.01519 0.0 0.0
836 0.50118871 0.00091 0.58224409 0.14884 0.01496 0.0 0.0
837 0.49928238 0.00106 0.58173734 0.14796 0.01478 0.0 0.0
838 0.50036148 0.00117 0.58116229 0.14705 0.01452 0.0 0.0
839 0.5005073 0.00085 0.58075126 0.14641 0.01431 0.0 0.0
840 0.499506 0.00098 0.58024677 0.14571 0.01403 0.0 0.0
841 0.4992807 0.00103 0.57970446 0.14481 0.0139 0.0 0.0
842 0.498561 0.00108 0.57918176 0.14389 0.01374 0.0 0.0
843 0.50144535 0.00097 0.57870837 0.14306 0.0136 0.0 0.0
844 0.49974945 0.00106 0.5782076 0.14216 0.01344 0.0 0.0
845 0.50091517 0.0009 0.57778202 0.14138 0.01332 0.0 0.0
846 0.50003711 0.001 0.57727989 0.14052 0.01318 0.0 0.0
847 0.50126648 0.00106 0.5767108 0.1396 0.01304 0.0 0.0
848 0.49993842 0.00099 0.57626401 0.13877 0.01288 0.0 0.0
849 0.50053483 0.0011 0.57574067 0.13783 0.01272 0.0 0.0
850 0.50055343 0.00101 0.57524973 0.13691 0.01263 0.0 0.0
851 0.49904466 0.00101 0.57477439 0.13606 0.01247 0.0 0.0
852 0.50234542 0.00105 0.57423815 0.13518 0.0123 0.0 0.0
853 0.50184766 0.00103 0.57370372 0.1343 0.01215 0.0 0.0
854 0.502024 0.00091 0.57327786 0.13357 0.01197 0.0 0.0
855 0.50170559 0.00106 0.57277478 0.13266 0.01182 0.0 0.0
856 0.49978362 0.00103 0.57226446 0.13178 0.01167 0.0 0.0
857 0.49759157 0.00092 0.57186285 0.13106 0.01147 0.0 0.0
858 0.5013904 0.00107 0.57132008 0.13019 0.01127 0.0 0.0
859 0.49850654 0.00099 0.57080587 0.12944 0.01103 0.0 0.0
860 0.49829605 0.00089 0.5703275 0.12868 0.0109 0.0 0.0
861 0.50119143 0.00104 0.56980747 0.12784 0.0107 0.0 0.0
862 0.49798213 0.00095 0.56930096 0.12704 0.01055 0.0 0.0
863 0.50000144 0.00095 0.56879921 0.12621 0.01043 0.0 0.0
864 0.5009686 0.00112 0.56823992 0.12523 0.01029 0.0 0.0
865 0.50149175 0.00103 0.56766961 0.12432 0.01017 0.0 0.0
866 0.5015145 0.00097 0.56721318 0.12357 0.00995 0.0 0.0
867 0.50077982 0.00083 0.56680078 0.12291 0.00978 0.0 0.0
868 0.50046524 0.00092 0.56635564 0.12218 0.00959 0.0 0.0
869 0.50177343 0.00103 0.56581056 0.12129 0.00945 0.0 0.0
870 0.50067296 0.00096 0.56537148 0.1205 0.00928 0.0 0.0
871 0.50076666 0.00098 0.56481637 0.11967 0.00913 0.0 0.0
872 0.4999732 0.00105 0.5642684 0.11879 0.00896 0.0 0.0
873 0.49949713 0.00096 0.56384187 0.11799 0.0088 0.0 0.0
874 0.50296922 0.00102 0.5633129 0.11712 0.00865 0.0 0.0
875 0.50064457 0.00091 0.56280453 0.11631 0.00855 0.0 0.0
876 0.49882217 0.00099 0.56234174 0.11542 0.00845 0.0 0.0
877 0.50053565 0.00116 0.56180678 0.11445 0.00826 0.0 0.0
878 0.50108073 0.00096 0.56129644 0.11361 0.00814 0.0 0.0
879 0.49845113 0.00091 0.56081287 0.11282 0.00802 0.0 0.0
880 0.49955885 0.001 0.56037605 0.11194 0.0079 0.0 0.0
881 0.4987646 0.00095 0.5599651 0.11106 0.00783 0.0 0.0
882 0.49950454 0.00094 0.55948151 0.11018 0.00777 0.0 0.0
883 0.50184114 0.00118 0.55887349 0.10913 0.00764 0.0 0.0
884 0.500908 0.001 0.55837048 0.1083 0.00747 0.0 0.0
885 0.50055351 0.00081 0.55796035 0.10759 0.00737 0.0 0.0
886 0.50096128 0.00117 0.55739139 0.10653 0.00726 0.0 0.0
887 0.50052093 0.00101 0.55694022 0.10563 0.00715 0.0 0.0
888 0.50065155 0.00087 0.55650703 0.10493 0.00698 0.0 0.0
889 0.50137583 0.00091 0.55605839 0.10411 0.00689 0.0 0.0
890 0.50018406 0.00112 0.55554689 0.10314 0.00674 0.0 0.0
891 0.50092226 0.00102 0.55501387 0.10228 0.00658 0.0 0.0
892 0.50147767 0.00093 0.55454145 0.10148 0.00645 0.0 0.0
893 0.5003548 0.00101 0.55403608 0.10063 0.00629 0.0 0.0
894 0.5012283 0.00096 0.55356514 0.09982 0.00614 0.0 0.0
895 0.49987544 0.00097 0.5530877 0.09896 0.00603 0.0 0.0
896 0.50086359 0.0011 0.55254815 0.09796 0.00593 0.0 0.0
897 0.4995015 0.00107 0.55198685 0.09698 0.00584 0.0 0.0
898 0.50035872 0.0008 0.55156335 0.09628 0.00574 0.0 0.0
899 0.49985268 0.00118 0.55098588 0.09521 0.00563 0.0 0.0
900 0.50170627 0.0009 0.55055513 0.09444 0.0055 0.0 0.0
901 0.50094064 0.00095 0.55009739 0.09358 0.00541 0.0 0.0
902 0.50154161 0.00103 0.54953825 0.09264 0.00532 0.0 0.0
903 0.50086761 0.00114 0.54898396 0.09161 0.00521 0.0 0.0
904 0.4998541 0.00096 0.54849312 0.09077 0.00509 0.0 0.0
905 0.50151797 0.00102 0.5479634 0.08988 0.00496 0.0 0.0
906 0.49838332 0.00094 0.54745312 0.089 0.0049 0.0 0.0
907 0.50032169 0.00095 0.54696093 0.08812 0.00483 0.0 0.0
908 0.50032084 0.00093 0.54647585 0.08732 0.0047 0.0 0.0
909 0.50105392 0.00097 0.54598354 0.08643 0.00462 0.0 0.0
910 0.50123066 0.00108 0.54543919 0.08546 0.00451 0.0 0.0
911 0.50081204 0.0011 0.54484557 0.08445 0.00442 0.0 0.0
912 0.49916029 0.00097 0.54432549 0.08356 0.00434 0.0 0.0
913 0.5013555 0.00083 0.54388536 0.08286 0.00421 0.0 0.0
914 0.50001803 0.00095 0.54340444 0.08196 0.00416 0.0 0.0
915 0.49976694 0.00099 0.54289182 0.08105 0.00408 0.0 0.0
916 0.50161082 0.00084 0.54250508 0.08033 0.00396 0.0 0.0
917 0.49899379 0.00114 0.54194902 0.07921 0.00394 0.0 0.0
918 0.49977835 0.00101 0.54141699 0.07831 0.00383 0.0 0.0
919 0.50062332 0.00107 0.54088983 0.07734 0.00373 0.0 0.0
920 0.50232124 0.00103 0.54032439 0.0764 0.00364 0.0 0.0
921 0.50183438 0.00105 0.53980724 0.07543 0.00356 0.0 0.0
922 0.49875454 0.00089 0.53937778 0.07459 0.00351 0.0 0.0
923 0.49989786 0.00101 0.53886861 0.07361 0.00348 0.0 0.0
924 0.50062325 0.00105 0.53836686 0.07264 0.0034 0.0 0.0
925 0.50106364 0.0011 0.53776063 0.07164 0.0033 0.0 0.0
926 0.50107857 0.00085 0.53734841 0.07086 0.00323 0.0 0.0
927 0.49995661 0.00102 0.53685751 0.06997 0.0031 0.0 0.0
928 0.49925486 0.00087 0.53643776 0.06913 0.00307 0.0 0.0
929 0.50090906 0.00094 0.53596573 0.06828 0.00298 0.0 0.0
930 0.50018588 0.00104 0.53546673 0.06733 0.00289 0.0 0.0
931 0.50055066 0.00092 0.53498989 0.06651 0.00279 0.0 0.0
932 0.50045061 0.00106 0.53448052 0.06554 0.0027 0.0 0.0
933 0.50105466 0.00094 0.53397221 0.06468 0.00262 0.0 0.0
934 0.5000416 0.00119 0.53344457 0.06355 0.00256 0.0 0.0
935 0.5014149 0.00101 0.53294438 0.06261 0.00249 0.0 0.0
936 0.50147569 0.00121 0.53236645 0.06148 0.00241 0.0 0.0
937 0.50048035 0.00083 0.53193508 0.06072 0.00234 0.0 0.0
938 0.50058177 0.00096 0.53149402 0.05983 0.00227 0.0 0.0
939 0.50163288 0.00092 0.53100379 0.05903 0.00215 0.0 0.0
940 0.49972034 0.00085 0.53057387 0.05824 0.00209 0.0 0.0
941 0.50035594 0.00102 0.53003422 0.05735 0.00196 0.0 0.0
942 0.50015039 0.00116 0.52942122 0.05626 0.00189 0.0 0.0
943 0.50115377 0.00107 0.52883477 0.05522 0.00186 0.0 0.0
944 0.50042119 0.00103 0.52828392 0.05425 0.0018 0.0 0.0
945 0.50060928 0.00102 0.52779277 0.05331 0.00172 0.0 0.0
946 0.50084823 0.00093 0.52734237 0.05244 0.00166 0.0 0.0
947 0.50111223 0.00094 0.52685788 0.05154 0.00162 0.0 0.0
948 0.4998354 0.00116 0.52623562 0.05047 0.00153 0.0 0.0
949 0.49914487 0.00103 0.52564977 0.04952 0.00145 0.0 0.0
950 0.50012096 0.00108 0.5251039 0.04848 0.00141 0.0 0.0
951 0.50178412 0.00116 0.52449346 0.04736 0.00137 0.0 0.0
952 0.50043049 0.00104 0.52400165 0.04638 0.00131 0.0 0.0
953 0.50059277 0.001 0.52353091 0.04542 0.00127 0.0 0.0
954 0.50116622 0.00081 0.52311391 0.04467 0.00121 0.0 0.0
955 0.50101527 0.00106 0.52259213 0.04366 0.00116 0.0 0.0
956 0.49977298 0.00104 0.52206024 0.04264 0.00114 0.0 0.0
957 0.50029746 0.00119 0.52152306 0.0415 0.00109 0.0 0.0
958 0.5002216 0.00093 0.52102532 0.04061 0.00105 0.0 0.0
959 0.49991311 0.00086 0.52060124 0.03982 0.00098 0.0 0.0
960 0.50080005 0.00084 0.52020002 0.03904 0.00092 0.0 0.0
961 0.50047393 0.00115 0.51956934 0.03794 0.00087 0.0 0.0
962 0.50013418 0.00102 0.51903807 0.03694 0.00085 0.0 0.0
963 0.50178886 0.00087 0.51854239 0.03615 0.00077 0.0 0.0
964 0.49986343 0.00105 0.51802319 0.03513 0.00074 0.0 0.0
965 0.50022601 0.00115 0.51744509 0.03399 0.00073 0.0 0.0
966 0.50190425 0.00109 0.51687824 0.03294 0.00069 0.0 0.0
967 0.50144678 0.00118 0.51630574 0.03179 0.00066 0.0 0.0
968 0.50140023 0.00103 0.51570984 0.03081 0.00061 0.0 0.0
969 0.50218284 0.00103 0.51519742 0.02982 0.00057 0.0 0.0
970 0.5003448 0.00086 0.51478059 0.02899 0.00054 0.0 0.0
971 0.50051114 0.00095 0.51434004 0.02807 0.00051 0.0 0.0
972 0.50158999 0.00122 0.51372715 0.02688 0.00048 0.0 0.0
973 0.49992816 0.00114 0.51319062 0.02577 0.00045 0.0 0.0
974 0.50141624 0.00086 0.51276378 0.02498 0.00038 0.0 0.0
975 0.50346658 0.00112 0.51221216 0.02391 0.00033 0.0 0.0
976 0.49856778 0.00113 0.51169312 0.02279 0.00032 0.0 0.0
977 0.49866564 0.00091 0.51129199 0.02193 0.00027 0.0 0.0
978 0.49929665 0.00088 0.51079738 0.02107 0.00025 0.0 0.0
979 0.5011416 0.00107 0.51023978 0.02002 0.00023 0.0 0.0
980 0.49933261 0.00108 0.50969299 0.01897 0.0002 0.0 0.0
981 0.4987109 0.00083 0.50929295 0.01814 0.0002 0.0 0.0
982 0.49906799 0.00084 0.50887095 0.01732 0.00018 0.0 0.0
983 0.50180951 0.00101 0.50834513 0.01633 0.00016 0.0 0.0
984 0.50179123 0.00093 0.50783826 0.01542 0.00014 0.0 0.0
985 0.50049616 0.00094 0.50734024 0.01449 0.00013 0.0 0.0
986 0.50184406 0.00104 0.50675963 0.01347 0.00011 0.0 0.0
987 0.49970721 0.001 0.5062607 0.01248 0.0001 0.0 0.0
988 0.50055869 0.00099 0.50575892 0.01151 8e-05 0.0 0.0
989 0.50241555 0.00105 0.50523924 0.01047 7e-05 0.0 0.0
990 0.50291275 0.00084 0.504846 0.00964 6e-05 0.0 0.0
991 0.50001376 0.00097 0.50435451 0.00868 5e-05 0.0 0.0
992 0.50027631 0.00104 0.50384975 0.00764 5e-05 0.0 0.0
993 0.49948351 0.00086 0.50343144 0.0068 3e-05 0.0 0.0
994 0.50031576 0.00085 0.50300087 0.00596 2e-05 0.0 0.0
995 0.5003273 0.00109 0.50242726 0.00487 2e-05 0.0 0.0
996 0.50136346 0.0008 0.50203955 0.00407 2e-05 0.0 0.0
997 0.50083447 0.00095 0.50156156 0.00312 2e-05 0.0 0.0
998 0.49994156 0.00118 0.5010157 0.00195 1e-05 0.0 0.0
999 0.50169981 0.00093 0.50053733 0.00103 0.0 0.0 0.0
1000 0.50053733 0.00103 0.50053733 0.00103 0.0 0.0 0.0
